2.87908589639479 2.27547432589892 5.96167003418816 4.789064373135 2.94726022541835 3.79142297113823
4.52187126384807 2.90396259551399 3.69899969147513 7.26076599212356 4.98990306426147 5.36109293576016
1.98368378471616 0.422983315315463 1.50840920068343 7.12911998248981 10.0434717103741 9.26864292879447
3.8830503152342 2.37394522608304 2.59734482784156 6.89240812481305 5.09547760329117 5.67373451764379
4.46906228611768 1.2805386549685 3.041264032827 3.3512525736837 -0.20394576473984 1.90571899722743
1.97680654988489 0.440060444949052 2.96870678321375 4.52950066101128 2.56602330945874 0.389684515497817
3.29759484366575 2.30085180772943 3.47852912655185 4.33183831994933 3.53758529511809 4.28512404606952
3.23128222424132 3.18618567645716 2.50957672007713 1.76487645014493 -0.268482273016889 2.12350140671583
4.74704372206506 5.67294050895189 6.79873752060165 6.62377083894577 3.65166557005854 5.16434232203359
4.35299046753922 2.98296223314538 5.83899983058913 4.02794725840351 3.60388469631054 1.51929027880778
3.40086936846781 2.88854322592349 3.16338370097442 5.52182876601017 2.12894047995104 5.3798023852513
2.91541560181782 1.04749207400307 2.98104085911541 4.31624247312558 2.05357422567425 4.31748129816966
3.65550020013734 4.16516282512347 4.28718972245157 6.60107228585807 2.32995171710925 4.54439477089791
0.946260814605225 0.614780349505834 2.61985100817459 6.46891150000306 3.16469455754147 1.86828850963231
4.02193510453973 1.31003220296178 5.98768979160326 5.04321341426482 6.31261135543082 2.85092612890137
2.44634892535823 2.99736718998125 5.4457392689047 5.68491400553119 4.53625920013756 5.46318965559938
3.43583763159371 2.71899148170675 4.03713663233334 5.92728101307701 4.5888785094596 3.17632542662968
4.1801068278084 2.4102739979596 3.19889311296486 3.85367423605738 0.86038300123508 1.95359789144471
1.94028526443892 -0.604957056121541 1.09895863870067 5.6517730155923 2.99602223127628 5.89070156079706
3.81490516184797 3.36303776428151 7.45472107272304 5.49237171815753 2.2931771793517 3.56966547302308
3.80435189405187 2.43154225148516 3.55905166847043 6.41818817019766 5.17457995102948 6.94446424828594
2.80783552476785 1.10210857594886 6.98095446854606 3.11262044378114 -0.362253709212788 3.94078408974141
5.99781552162508 4.30442671173047 6.57769958030611 5.16362438541589 1.90360738983435 1.48996693421537
4.34414386321779 4.22078477799144 2.38039549498668 2.96182911028556 2.21423957900173 2.69247408734813
2.10466405400199 0.733860605710226 2.17432031660601 3.62274839252516 2.94900533259049 2.57028591305738
4.62288229895562 2.67862907742765 3.6313747127142 3.92910235516997 3.89043251285911 4.9987765026307
2.31853976027008 2.2621478599287 4.43908981715028 1.70556877500761 2.56264536785723 -0.356050660247885
3.5693573189887 2.66838084160756 5.51979549905957 5.3800577075434 2.48487973531458 3.81228365999589
4.95371883373764 3.07150283644253 6.19854326299563 5.66342045296443 5.19210708182758 5.81846210054005
5.78192336958088 4.52527233204766 4.45938601635479 4.9764170757364 3.46854570958947 3.87401784233022
0.120099851031116 0.0714313070956814 2.80267533055847 5.20783682258019 2.41400262474158 6.79561159369915
5.25920679084317 2.35140350407528 5.89847349169199 7.19692419889169 5.17902681477957 5.38993033644944
4.76334815198921 3.92399747554538 3.43313018046612 7.65934252784118 6.48264040444736 4.55617805759125
4.18464553024765 3.71957451513366 3.80390880402678 4.6909617907023 2.17927559310976 2.78727451168506
3.40845873333276 3.79423786301268 6.96494554070943 2.36167012446444 3.65149694560893 1.5424466049555
0.329631163463203 -2.44795521095472 0.288725438644602 2.2336375774548 0.913101808214414 0.335995719300681
3.7303393538583 1.62536642033649 4.09969949053363 5.18380106854089 4.31181508044471 2.21120727414869
4.73710347638263 2.45036335988928 4.746198598272 3.52968970820388 1.41200804520724 2.47719179415696
4.3974699356296 2.9713120855526 4.81525030811281 1.14745464570505 0.459452065609524 0.141502927378644
-1.29636569169523 -1.88017701488675 -0.601465639679859 2.46693458597076 2.17251023755922 3.59135903655809
3.61237117607209 2.1904942878833 4.32188991177274 5.92977200401765 2.05400388318355 2.10210734057588
2.61063435658512 2.44553620518849 5.08147498398707 8.16393073595806 5.90100714925545 6.69818245689014
4.49048984247107 2.4540677890671 4.9050071522817 5.77745010000081 3.69210819268594 5.09054987821171
4.53160613566778 2.95206900115365 4.42100283704437 9.79503830717804 9.36171889992165 9.88405326063579
5.53161675589919 5.02407796774854 6.54666706914572 7.79501579805984 3.09118844572499 3.31817511199803
3.08865681917501 1.85294030076947 5.03652296889468 2.17756656596447 3.59964893966065 0.277590884259721
1.40838070957743 -0.601037383739278 3.1866449915556 7.69695236696671 4.10529698547937 5.73118750690239
1.4046783567048 2.19567610350989 2.2818012231461 5.23876462319755 2.06263829218183 3.48382786284524
2.69064856401914 3.59946078895671 3.69528858111826 6.41660377313959 1.7376734097914 5.21535679411926
5.88456949598061 5.26386717744183 5.2056177034155 9.65200760377048 5.14167694080471 6.41361582213243
4.72400760771293 4.00735572230003 5.53122095018359 5.36040155875928 2.25424274317192 3.52342513277242
1.69682805925967 0.0259018541893701 1.83789813499248 2.9601510481311 0.911319265615501 2.26210048260329
1.37564197405256 0.512140125861162 1.68438501964299 4.65393608635738 4.74712113472755 6.13547888995436
1.64418822791698 0.157673763426606 4.62599079214029 4.35376739210848 3.53726285290912 3.49254659954915
2.76707255595409 2.88213701003757 3.26615129464424 6.30532170854426 2.35303028105115 3.50368996703818
2.65954118805521 2.62491151880164 3.17464762539368 10.1690956105554 5.14188033519471 8.60754824445384
4.49173447631424 2.03612892333916 6.90742019476087 5.64759701272948 2.66471956107353 4.25513851128815
0.737361803595506 1.47753944714269 3.29579209312104 5.29487898679976 3.27417417848651 3.34576214447446
4.043976210971 1.51954034007489 4.82602901972252 3.49398450897582 0.552218685083945 1.22291030513105
3.30756999237607 4.27553844608461 7.37075521428772 6.63973436482662 3.23076310833967 4.37325122956331
4.45163905430705 2.32984171660617 7.36484617726331 4.33829221833912 0.393609139155147 4.57425960821389
2.24982014351009 1.85416004809522 4.30433520753791 3.45386934365632 1.60262400432249 -0.875748750299168
1.51547424151488 2.07524315685956 3.57925382435919 2.91288630986765 3.18268375713383 3.37768469632542
3.20604142555762 1.4848138115913 2.38643325204108 2.98998445858073 2.66627345845983 2.25826308080886
4.45034768468854 2.81052064716463 5.44526015408316 4.65399242544254 2.65923413834505 4.784620654545
4.5539246705116 2.93612155147454 6.05993586530674 8.94128825227646 4.36419724627671 6.33052964970529
3.72861045383583 2.34101146874215 3.7309735666271 3.98667941859739 3.33886249872513 1.62094702303097
1.31544483534235 0.51015688671077 0.942921982089043 5.77896905950728 3.12726709191344 4.37102013384125
2.7113380874959 1.52418694778313 5.71365413756723 9.12884283730122 6.63876013616902 6.96477440569527
3.06021075370384 2.36295371833521 5.34316240877097 4.55687588208802 5.49068144737592 2.62814373237985
2.43400744396927 2.17669843718083 4.3651186109923 6.12559479610611 5.26389636976804 5.24433621385983
1.28025690691172 -0.777861160390779 0.632214870714388 5.21029757000237 5.37606017450519 4.64672186723058
5.17013289569219 3.6755432118369 6.97764180852247 1.96158464380017 0.266605911674403 1.91948650482828
2.02844546381834 1.64431186496937 4.51082459483136 0.986279131049365 0.749427130020623 0.578267973623224
5.05343876263308 1.57744489866809 4.9690831749241 6.54138841711594 6.84547542858089 2.51001027139017
0.233158777021134 0.119135517998663 4.49774581568234 6.07685131455244 5.21005084584464 5.86086379288649
2.73676717032004 1.15874416193346 3.36094814326405 8.01354192104347 4.04736381273389 7.5471021843926
2.50977076576752 1.33255890706946 3.77924229050634 4.45229601802798 1.28768202346757 1.40475355498929
1.6977202486025 1.22292880926343 1.93452238987875 4.06723155970197 -1.74481699205231 2.0613731406113
-0.202400830139011 -1.50859472229628 2.4678050217726 3.5960153992104 1.11128871237448 1.21683040589515
3.3035564988406 3.04100994138635 2.22314711699201 4.79191770783551 4.85966996443124 7.85841920753719
-0.0953457222562069 -0.840367612010428 2.69737926017458 2.67878234830631 2.00577244236562 0.746511965163502
4.50037742669317 5.12342964525107 4.78437770927581 5.39301744763182 3.57542287131704 4.5277192855051
4.69579749045272 5.41631656198252 5.16141141730625 4.77159398958015 5.63991683507355 3.16928663174003
2.15665590782785 2.67627142205819 3.56696317235312 4.98095481477763 2.23132075492384 5.36037842170749
6.94947590981478 4.89092772622479 5.28110707571621 6.13491677227356 2.57557093041629 6.12659125583236
4.23373363765162 1.10811802575938 6.85555340502908 6.44601954485244 5.16457979730302 5.48124542190395
4.92492259581443 4.53908364988891 3.72314506411449 6.45098287385138 3.49147803409053 3.85076144847029
2.6499898762527 1.89634940343919 3.42436871685395 7.12051455188712 3.74992665827129 5.459474053699
3.90072067989799 4.06322818679223 7.48337827593188 7.00549287481172 4.69119756626578 5.62569748737734
3.72988555122445 1.14605202719217 -1.339734040662 5.49598370140207 1.48578269007589 4.44568926475514
3.48354350555403 2.84341143098707 3.2205378527196 5.32555574999864 5.72668893357083 4.65274978902034
4.02603784572211 2.93634487181816 3.68242220734984 2.34806375527342 -0.431184524684936 2.02546058955339
0.837776515375248 -0.842500615559412 0.353253865997395 1.78168633658695 3.3071209467755 2.77252873106277
1.72878508238884 1.90354917009064 4.50841908923845 5.65261177518007 2.08076044054943 4.62858165573967
2.74511674613519 1.87697212248477 0.669077099841975 6.82893501588377 2.1740891028417 5.91138821323712
2.98018671262458 3.05850525304033 4.50437985119811 5.08525177195307 3.50629336227304 4.18455996179405
1.53768029098701 0.851323130269781 4.5842816862206 6.00205061508241 3.02100242233811 3.81932367868165
2.28427603786264 -0.336206986864105 3.01932285664 6.86891647522382 4.77312458215459 6.11795938576324
1.74067414641008 1.78583236870495 2.1496124647287 6.4311940174331 5.18404678376088 5.2554659070561
4.47446692572955 3.2965567494221 3.1355155444217 4.82482561792438 1.84448593598915 2.78695785095013
-2.1049417128383 -3.26165164267229 -1.05457521657952 3.50339487409737 3.69679256237905 5.48394753906727
5.30530014859295 4.5725185557804 3.8144607237955 5.24709916676294 4.7143868735918 3.34770754224659
3.80611776262366 -0.641858955734953 3.01893643204567 5.30568478776818 2.97922881603984 5.20791211492266
-0.598328883087102 -2.27439247111411 0.00781161985211565 3.13954635366823 -0.927205377806414 1.28022969388087
5.31860653242712 4.16312822501491 5.54562489309268 7.44857879290733 4.55412256178061 8.9063253845933
2.80329279718332 1.52874427295154 4.67333544802835 4.91302481315408 2.37626249623216 4.82698975713856
1.17471258445815 -1.19751032329422 1.91604298048969 3.68707399051218 2.06301633749778 5.46065821617543
2.08314933466357 1.23875719041791 3.11807544409472 4.04219898291806 1.78985007154928 4.34805495029607
4.91400699009061 0.544559384723052 2.50726909372092 3.11361415593078 2.54241377392277 -0.202947511952408
4.06347908955502 2.71348087737692 3.52298842064812 5.31718241331361 6.35389379505709 4.52471085928763
1.51563605749068 0.903674208581135 4.11954947175994 4.76665022218504 2.54949003478052 3.91934339766376
1.95766251596699 0.105227613071586 3.19630536638424 3.83866437735603 1.9697920742275 3.66872241861519
3.86238081751634 3.45564337483503 3.84556772710161 3.26167533064226 3.01789743942297 1.43510778339436
2.34972738909467 3.74203227873157 1.50001156499646 4.35053291985684 0.959525745786086 2.84271167799946
-0.822232722705618 0.0306285426974298 1.88312255312344 2.82656521555338 3.12410164276764 3.51989108502859
4.3852415653809 2.81789288105674 4.67949688800736 3.57349193166387 1.44564056748408 2.9457795160653
5.78180863314208 4.21346498967662 6.4941610436025 9.28222261245115 8.57237473271462 9.69260217322817
2.36784339157733 1.64888493053546 4.21220865622698 4.445824479244 2.62622672550533 6.38955886239397
3.78156877777124 3.14846585678148 3.69031548922274 5.96649759124335 1.74813833754002 6.37836457749047
3.74180510873463 3.47917768563996 7.92176227307627 3.35047966639486 1.22794047131705 3.16548186337438
1.89672775449593 0.988470010825457 5.16315665962329 3.04772081626223 -0.244785268121727 -1.49966026054245
2.58968476352453 0.81784183879326 2.05511829181816 4.44059226154814 1.05232609117747 3.16952136497647
5.85413221856793 6.2643246899331 6.80098127036958 4.97137310333609 2.76167730193153 5.06405376112791
0.470261862997503 -1.91690676525221 3.94543203341122 5.37527604056207 5.05848451067102 5.19860620978993
4.2786542722341 4.61921522391544 3.64799185772059 5.30120850284449 3.61781008723893 1.74012663088788
4.62583278539519 3.05276525648652 2.25010677193797 5.6588835812906 3.38525724701006 3.41017338842266
3.21440347507191 4.26202619238621 3.98386839293395 4.1031535107928 1.54762649960872 3.52394537781087
3.5286210371122 2.51314539128443 4.07621571864984 6.12846500159151 1.55012944761195 6.55337468787018
-0.504345267924349 -0.347316146058004 2.48624242746465 4.25249374305885 3.17025346651815 3.6220606342752
1.04239072004964 0.144233251491326 1.65831431614984 0.883027208580943 0.791674373876893 -0.364686651357399
0.583819323868798 -0.581256835372312 0.594194060740536 5.94158002968843 1.6124288343161 3.86746820431982
3.32184707583291 3.87421320262296 4.53462571413128 4.96252490977345 2.85812829938111 5.54238489030142
3.1369817445567 2.40841493308494 5.67976657545902 5.44809630103341 1.879971201759 2.89385593231199
3.79739388766461 -0.353236054986539 3.4080021366752 5.67885044284958 5.08654354148027 2.2718144275007
0.545995045366921 -0.549526414352692 3.17124164786567 5.45257114718009 1.99290804353414 4.40190854832874
1.48635995662609 1.54631557046965 4.68378682913626 5.41189098418464 3.07215413542218 5.49923963312846
3.34978337955763 0.170408299906887 4.81018090967907 4.59262473280296 1.1577550965699 2.56630801654741
5.29971457288165 5.16403752028482 4.74048872484389 4.99074964438421 1.57655639815155 5.85385812049223
4.06596698072284 2.70713378731135 6.63913691475435 4.44757252363346 4.62830041895801 3.1974589787239
4.6622052565212 4.76995451635165 8.05469134543863 2.94771604895158 0.532104645129929 -0.422435299356707
1.93012698385707 1.51361420954032 3.12568573701935 4.78004242435171 2.76619720719476 4.08015001056091
5.33170529511547 2.96627008762938 4.80915596757131 4.28136796463037 3.2932636868724 2.73121718448837
4.40534464093557 4.75030307655498 4.88948981689904 7.82815245308913 3.41463930913793 4.99349361169508
4.79658761992508 2.96795859488035 5.68385065594064 3.50946040775452 1.57290186630778 2.39072148306008
3.96152000468044 5.7258777104769 3.81201076363629 5.55833321221325 4.16299800226752 5.9004218348483
0.65495486674107 0.760101659880157 3.2793455817463 5.08265084025173 5.78701172129903 8.01196608974164
3.12605184579745 4.08380264353379 6.4145492154667 7.49032777403175 3.57311162150449 5.35681484658543
0.381832331532053 -1.62319930578051 3.89437417537033 6.6058389333322 3.00517142855868 5.98594573262465
0.578627598137827 0.731684365224178 3.61481993783603 4.08726534500388 2.14601117306958 1.74025221189077
8.14826511653524 5.95575493491812 5.62489099562844 4.43355481536064 3.92172467232878 4.87241858889242
-0.493652783984075 -1.98389012702638 -0.171831717875245 3.77582817155964 2.55665292441972 4.08776397959924
4.11845377131808 2.50125831126812 2.71629441631498 6.75526040228331 4.78962720434935 7.25585580339189
7.0270706936767 5.87466027724732 5.14562196794099 7.54474463726418 1.65578430262335 5.26057297799145
4.5343525516711 2.8765730918389 4.8607948835828 0.308687271042126 -2.19509656730614 2.45205154781064
6.60434166354536 6.57338243899547 5.38591724289971 2.86717442757682 3.94974965842574 3.22235534937532
2.76729665385643 3.84255477367659 5.0016700122048 5.7618784646713 3.73894166424285 3.86301876685508
6.28098904740446 4.63675044721998 3.28289397393717 5.18881215177233 2.22460865524344 4.97453697088753
4.35169895288785 1.61588222419141 3.91229975889839 4.13225404608416 1.80428651516065 3.6614908976706
5.41632651643252 3.47898910007846 6.74048907066669 1.30642643109258 1.10893983170473 -1.04078201592665
3.1562289122686 3.0078791776631 4.58584914022925 6.56455166047226 3.14754892372505 7.2042296972751
2.68188996859046 1.90066814313587 3.35921716087519 9.02060527909232 4.96373900968684 7.71971483257836
2.03049725593771 0.657819596063074 3.08842704748953 0.0987987705729827 0.401341683211298 3.59082154181828
4.34708644557082 3.37676614827525 7.11695137915627 6.05214377578307 3.812422143623 6.71806415768922
1.72840821904758 -0.477948817699144 1.77042570443598 6.22279921247965 1.82964259139132 3.35872564954278
6.41689774165042 4.44516798069809 8.80059975155007 5.84566736051103 0.170730114648989 6.23385347798184
4.39039997970918 3.9834565273971 5.24631593832309 4.02809460806792 0.926693154961219 1.58666764048245
2.61118480963987 1.42414742178209 2.60359473490979 6.12538787352851 4.34463445147399 6.85256464957628
4.06960287074725 0.39902512273705 2.51518760603862 7.90988157208759 2.72441769804674 4.96444645359903
-0.263553155888335 -1.90048919592372 1.90479332036904 2.4675728247904 3.52902521936832 -1.48947498280949
4.01459257754837 2.43073493238067 6.27122522556591 4.31847831177196 3.11107671660479 3.4639607852598
3.37789897924294 2.77068401724085 3.86280296119592 3.53130691150411 4.26440100100383 1.18745387222363
0.468213282751219 1.97738898623393 4.97345261545671 5.90186062920293 2.87966477629167 6.62166158045409
2.11154333823592 2.64675269205218 2.60493500387367 5.49867389369366 4.38786077639979 4.19644971572667
4.54381487137739 5.32735316171366 5.56076252266524 3.1443284670206 4.08886077605849 5.66978132434101
2.4579788887239 1.8032855127524 1.49929436634312 4.86480523795888 3.46088268912214 3.50092686554452
3.89019864605898 3.82830446252152 3.71860622994157 8.72401923490344 1.59784266996869 3.52623066857751
2.78499467476274 2.81631781872416 3.66491573309304 7.31340907907247 4.09872888054046 8.03903594989772
0.904714162363885 2.59928082741567 3.31822248528611 1.45392573029838 1.29079617224563 -0.397946913328949
3.0971751148291 3.23616027664506 2.66918530566601 4.01861047943452 5.6919786615652 1.95499913239039
2.39163743099092 2.74669545399615 3.4387399548368 5.23401705368553 2.41409877277748 1.78955362295817
2.03614958492015 2.15949628068466 1.94877378544944 2.29524312131007 0.0138907042133418 -1.01995964360265
5.82066676725468 7.2924246923105 8.14020907333084 7.33224380919421 5.94924096095027 8.22805510165514
4.41901748517972 3.84509579007033 4.05208588303969 3.35757411286199 1.12397698254886 1.79635696738785
2.12090475459898 0.0165351849534756 2.85104072908103 4.90588061043843 2.88592950118761 2.83136661051734
2.75958522056033 2.75481589669334 5.53440341894698 2.66017737634984 1.34372347194124 4.21461283176548
1.22129020842919 1.01624272684185 3.98299198705577 3.9102834606792 4.84511726819313 4.27409248930461
3.92201358430238 4.65985259451438 5.45577897207987 7.5416171196241 5.32479936298456 4.60186266659324
4.23389267463465 3.58564406382738 5.96682785445533 6.6668161310208 1.96950211739962 2.76136953834116
3.11026814246582 1.17544717223457 3.8444048935703 2.48555903062873 -1.34155765759474 1.73534714314754
2.3924514141141 3.07476490423329 7.60358135610344 4.86765203747077 2.29691529925058 3.0594886958031
-0.0588091011453118 -0.657007090622178 -0.287028843796747 2.79021890982038 -0.660946950977173 0.586867641894342
3.78065137658242 2.52663081863638 2.57321583097248 5.56861420926736 2.03877615141833 4.78612507099218
4.37372925156914 5.19578796242957 6.49906238248012 8.50792037781999 5.58775098284634 5.96116828813364
4.91554144531764 7.06322226874129 8.15739059374915 5.56868088917329 2.81970240099553 5.21679959731333
2.14754147666391 -0.274146695303167 3.37962626543224 4.87941242841837 3.50472582619547 2.38264346982048
3.01173284337057 1.23140832069344 3.00311621795364 4.26846109792151 2.1763479839267 3.25197383411224
1.76737910763662 3.351513572908 6.16741911142764 3.82831416260059 3.88375693866585 3.12504802855941
5.27907701246767 4.33541536780333 6.70042287573826 4.38943714577905 3.14980929319848 4.91746694600264
5.91563299174499 3.91502442360548 3.81410069145737 3.10119794774768 -1.07141860784106 1.65313635557775
4.57271560383507 2.99149281943535 5.79861328606606 4.30464181189774 5.50480603358431 5.06362285626353
0.864537739405321 1.31254213354462 1.03212977758544 4.49213291275232 2.64007689525122 3.21234327750773
3.70492832008823 3.30656118944935 2.622169897037 7.89190628164868 3.17209659650701 5.21040907579213
1.23733882372071 0.235700761010508 1.01433130198913 5.10831266133721 2.93297264794311 5.05680680104852
3.03163614751077 3.1394435960867 4.71898352889748 4.40516622165327 2.1270843531209 2.0283062228352
3.29771856156167 2.14566244427218 5.02492283772082 5.47822444405445 5.05103768313669 4.40040190776184
3.81753227131546 2.13204451156543 2.01135716997612 4.90580156140877 -0.176116552171749 1.53888625808599
5.49207703946522 5.78137385161408 6.39137179914441 4.64288992813253 4.3074799764592 4.85919344575645
1.21114209197601 -1.08367456062821 2.4516137233443 4.2119791817193 3.14460334135045 4.71249656822712
3.62153511167753 3.13029265391485 0.900912738432718 5.73800800223013 2.17894132297533 1.27911319332528
3.19498040775532 2.47252558131197 0.394118474642935 0.670932049025453 -0.689958599962984 -0.115675504564379
5.21782481501164 3.2997073703938 6.40314403360162 5.57016956157392 3.16743844167531 5.91539560326429
3.88852113262177 2.94750940021063 0.0937898778691197 4.20262640269006 5.08212236861922 5.26581175893821
2.42972663617609 -0.0266604303978584 4.86005809077116 4.17152765187566 2.44055651138347 3.82935942592636
2.48459247964189 3.490727564355 4.88603677798975 6.08613557945865 4.29525851009689 2.37994357054181
6.76035200335074 3.97587213718922 6.22666280850274 6.23991981742479 3.29376813774721 6.04533696403541
4.16739813581481 0.628085043509378 4.7575669171969 5.28487470560753 2.83914969578725 2.3691006632018
3.83797768760827 4.21695668947526 4.71382920130583 8.15128762321263 5.80667607016459 9.96837548750847
4.9786032742669 2.66516672907383 2.46800144734319 3.2801327092641 2.57183241772124 2.65953509537707
-0.0282768766209269 -0.787343758642015 1.83070299525345 2.35559595028105 3.21153423547019 1.62574579732425
1.53168739608251 -1.04974944249702 2.94387559906477 6.37228654090138 3.08426135909558 3.19540590894637
1.65240047570375 1.75371768167688 4.32815589132049 5.50575705906483 4.3647825965051 6.72079959289417
4.93500483138446 2.72236551520189 3.7313597467816 5.39888268883385 2.48362456006724 3.12398338967382
1.06733040658015 1.45337011984895 3.72434333791451 0.028186582376672 -1.31837144061952 -1.09511320059304
5.64805072118529 5.28185374571025 2.40091320386367 3.56037939696814 3.88840947802466 4.09825962678586
1.00460148763751 -1.19917298264183 1.04449381018311 5.7919884325613 3.75414883884983 3.38087591034119
3.29119160214761 2.67881615171955 2.63593561297529 6.802476804656 3.09599570634471 5.84828165483332
1.93154930217434 2.66960447176216 2.55044175771726 3.38983450736981 2.28870059088978 6.91443343255416
2.94329159731105 1.83064057170286 4.065158512144 6.76573452387876 5.87168421918954 4.98790573924884
2.04643751220046 0.243266403677821 1.69327239208922 3.965415428274 2.44022554585321 0.533842845464484
3.26384934482162 -0.372267442035872 2.36598511627615 3.86847614547519 3.55321033846937 2.06506218677081
2.51747870051389 2.45350795736682 3.91986131470502 5.93423558199432 3.13121415380207 1.60138787911533
0.827239905573892 1.01829496541126 3.26333225054655 6.21292368295132 5.7619024458481 6.25062405752993
2.45606909228341 1.85602535386761 4.66232501345662 3.65928732672264 0.758668552218162 2.96545655051905
3.06336028834742 1.83150215790232 5.43625934865338 7.09087449263965 5.53188094123809 7.29472551426943
2.0573402542143 1.00416518128984 4.88440278546877 5.97764917467101 5.01921594349756 5.77516070629153
3.93206612131361 4.03376411314213 6.19778132621252 7.96409012248867 4.17211829535599 5.63733961531491
3.19365065751409 2.78072108477163 4.1681301265914 2.99499784394837 1.78720729159883 2.81139337644759
0.868709918167089 3.5767747814293 3.63968709751501 4.14254947120127 4.56713567485486 3.19005898515165
2.18621714784892 1.64900414174822 2.86273283619293 0.494650908050336 1.09635531583612 0.519816449046712
2.37677844556005 0.948327279007623 2.09083057996008 4.96390175372953 -0.262589763587811 2.96937041837939
2.34083397727318 2.2130768902008 4.92420739897559 6.82994387697526 4.21964215556845 3.37845067190957
0.730502549195541 1.57311742607389 2.60176457108102 6.17266410338635 4.48668713328246 7.06366698844442
3.29127906564428 2.14729634285165 5.94168030042039 6.71460291870452 2.11079663675006 3.51858010965862
4.45694857191707 2.67588459650822 3.83600313159023 5.16978207505697 2.53499417890565 5.05716642356667
4.30109143984368 2.1131462909019 3.85928957438453 4.43928102473603 2.18599195851273 5.55979438761327
-0.0689749968086986 0.693430928366972 0.944251686211952 4.88703521390602 0.89453273428339 0.857702374666396
2.48470495251872 -1.58961289507334 0.96561840450917 8.30362208304976 6.46387612758264 5.40115728394671
4.57546956282933 4.13281940825039 7.10245512836021 5.7533513083212 2.64892228323497 4.93057885172361
4.26372446389767 1.96285358225784 4.54590633782206 7.05748772537766 2.93498092804882 6.1957250985351
4.60195316354767 5.28333894788287 3.9054276240685 3.54613440139807 3.03832952185591 2.65422986624533
3.73071108128628 3.88727165911434 3.26620852182005 4.10547100836964 0.957574985788257 1.81201398850905
0.920849775196572 -1.57806173970514 1.24654348123805 1.53922106239208 1.30198102435671 2.70973265622662
4.61965222261914 2.09605643065322 3.1400387807293 5.70395431448934 2.04932420709998 2.08012371923345
3.59447795906562 2.78428201350193 3.02978423064408 6.04555343510473 4.87214139585728 8.13327871933931
6.11972428925702 4.10608223679955 5.96134773762373 4.82979092162726 5.27251856139158 6.13932689847281
3.89920082272834 4.0997565288307 4.75537702772562 9.33181655040634 5.29570619715775 7.04163592977257
1.05140823850001 -0.062400212841927 1.74875311484985 4.49540219834241 0.985542993584013 2.35115054424073
4.03359563535772 2.9428987462353 6.70790239075236 3.49535145193434 2.01712283318284 -0.894664081475256
2.8168502550433 1.68862099304933 2.68488798457078 3.80687305062443 2.13395357241052 1.32420942406048
-0.0154278208041481 -0.305791255737764 1.1688679835606 8.56475161919568 4.97532646151199 4.0083867213877
2.02808126114644 1.09556440922831 4.34118284726974 5.08350118576767 2.75744489608775 2.35585654900694
3.63515822855728 1.65607005064792 5.66099905503683 3.79995986675661 1.18531471266812 4.14776677182823
1.55106333155894 2.6214751424267 3.70009619578546 8.52201500304431 5.10726026376708 7.32456855401468
1.00743349515136 1.25844744550831 4.15509182999351 6.02053301558117 3.44271397072335 5.0832740632003
1.92225009305236 3.44449952204214 5.51462628915733 4.39574425642722 0.706522220235613 3.74933556856861
2.04554910686509 0.541728426550647 5.36650365048143 4.32614030762716 2.68781232835214 4.68036074969839
3.18197560138677 1.7248292706181 4.52051949418599 5.68712178002033 7.05124104994983 4.76562527355548
4.02539385055312 4.05296080614005 6.6450876963272 5.07006113909344 4.05675182372357 4.7094259917706
-0.170802452006827 -2.04021156151817 0.0235864139149742 2.92177680319996 -0.109971122150093 1.05748917396296
4.57368098878491 5.25227718724588 4.39958424665071 2.75069060853769 1.69333983329878 4.92994830219522
5.7180333757293 5.39645452900203 4.27538787053695 2.44648454412098 -0.966512436644189 3.19667882963811
3.78852060071026 2.49973294548169 3.06118620854019 8.40625949300564 5.8237004373298 6.26106865318142
6.82983169310954 3.69880811313566 5.56164812796144 5.46573233521854 5.48551943402225 6.08503110950317
2.81507286704581 3.68524893500284 3.09462885190182 5.86291675957815 3.05233024560796 3.16512680226112
3.51596270761497 3.07588258563476 6.47359980060709 3.70321069432182 1.33689147354636 3.11080485652286
2.10749670394856 0.0499654013456645 4.72310204972763 2.93305886610628 1.78500211469875 2.98458813722717
3.99216211848057 2.71135157407686 5.16550396317725 6.01476158199074 0.566630737956356 3.58707964674769
2.49332536686524 2.31820356178728 3.38030832466774 8.34538602624443 4.97255448685136 5.11317842354433
5.1251785190319 2.83129185394778 5.34068319447307 4.2569619481147 3.39052842173425 5.8610607396001
-0.48621770190374 -1.65814791711568 1.71292850673952 5.10133543941233 6.28766705761916 8.71187924243051
0.767787669620763 0.420724653229704 3.01861098271827 5.0375899823149 1.939729887007 3.42701603061706
1.11305529267282 2.3320116196911 4.11113773780771 5.12114063615125 1.96423347993228 3.54526608625137
2.76656438833331 2.07510578486226 6.56904008230067 5.81895424836358 4.22436285987956 4.66193667471224
5.43173733358549 4.19939618074532 7.93296565782648 3.1990841583108 2.7748798693596 3.05701932876137
3.84284517914436 2.29438226656215 4.03935850322149 6.30178068173185 3.92294341243198 4.54176276178601
3.30709470653849 2.96777481890187 6.38488532070565 6.77834176765453 6.2406385204683 5.5734594683508
1.24494120653938 -1.14481909223914 3.04903027390677 4.15481279198039 1.88226868492619 3.2901317792849
3.0105345829405 1.17401281186738 2.07840769349179 5.55296720635516 4.62655491000099 4.51808283711816
2.81452801045844 2.35673737398831 2.54506005885236 4.89090623190872 1.81089361570292 4.07081813679106
0.548606656636984 -2.34186948576364 1.68985740092353 5.36199968944898 5.80203361740958 6.07750104907626
1.81480486644808 1.73428656290693 5.13770200585006 4.07685228557129 3.0383412844333 3.48645260021182
3.7629251124111 0.787808285900247 2.59459690255636 5.70464814243963 5.70992839409125 3.95117337447285
4.65244154113923 3.98839644235516 5.83600184738038 6.98889421389522 5.9557882061823 9.22403967247895
-1.72997104131497 -2.65901155196062 1.53978064546475 7.46381931555082 5.10867689086924 8.00869755509025
0.0203987456203976 -1.61861790822032 0.69012175451133 1.32442838451817 2.02055732832101 -0.0897017285159292
0.863571176519498 1.48803279337443 2.46625165537004 6.16543605182086 4.77500002311953 4.11960011233971
2.98908349364821 2.37388669360856 4.89824700879547 0.345813810218395 -0.937285068134068 -2.64794481578381
6.22813082667136 3.281363713404 7.55425036912974 2.52221843409033 -0.0209024094630128 0.952350847673323
1.34586674039769 1.16150129061102 3.36832373942731 4.28771577623728 1.09420198095247 1.67932056183995
4.48288344012401 2.18125757442688 5.98204831005958 6.23260771873427 4.11297332304528 3.98821631425725
-0.177353740458366 -0.44557458036725 -0.394169756869033 2.44738931373176 2.11272716152302 1.16317704728666
4.75319165574718 4.15348938133811 5.48872653574064 8.30227853940606 5.9177195111116 9.02628248319954
1.88406190672529 1.41669205722698 6.04719751963275 4.53642549598723 0.645193180407417 3.22650112870627
0.0912549088729442 0.0896846176694439 1.367003379076 6.29967446152458 5.08636982108452 5.08903237545841
5.28644283008801 5.16328272896515 7.96307334823904 7.4679219299886 3.92871689653077 4.43385517141789
2.31285047771245 0.808807225422477 3.73809461245034 5.82920856593001 2.73271946693608 5.90132022021077
4.68521156522748 4.76724093564821 4.66769842836657 7.36027589984405 5.1110545332823 8.50627711552752
4.83355429445899 5.60793668904719 6.29283525309411 5.7507196631108 6.02088984066786 4.45128257715642
2.14859122216252 -0.0231228040198896 3.93847958745571 5.81477172885987 3.15262334399354 2.80808294851017
-2.51509095864061 -4.08506195520557 -0.292525260400045 2.89028814453639 1.20205766103075 2.51130115247098
4.66415844412424 4.90894580081075 6.37910546133232 3.86616457633379 0.901475818636459 1.19706326442792
0.947639596850184 0.490919248142638 3.11414084015135 6.93406128868158 6.55587358759858 5.59742385291702
2.13928766839713 -0.544387598095561 1.15853048877967 6.53189037276029 1.68688879332672 5.75702234890531
2.76395187781779 2.35742859677817 2.78813020300558 3.35684214594556 2.57541064687072 2.72655423713819
2.15729428971212 0.732012539702389 2.72618948826675 4.45335706519181 0.689481993320157 2.23970558519817
3.69809869778469 3.7021550955951 5.2188755182277 5.93762022396061 3.74511610113888 4.88584417152741
1.85947624761444 1.11700655869714 4.66455683946228 5.28760201353524 4.37215147779857 3.64343296786733
2.58108358414256 1.70579571856058 6.44388298066124 6.09029211658489 4.1197076245052 3.78390218512396
3.67531940543326 1.04862954439336 2.12662753542541 4.5833649639425 4.67196865804941 1.48009364273527
2.44296721152429 1.14599449830916 0.00774254457069024 3.03348729707464 0.297541349497563 1.20410002553102
1.66017128788694 0.39223212647421 4.06951808316985 4.22815684298108 0.904707284587478 1.45028230071426
2.51176552770332 0.731016014313764 4.09334626582351 3.62813826862758 2.69807603904322 2.70121331105736
3.35941053625803 0.138686662337341 1.29197247930993 3.35803714147308 -0.718792223470397 3.39946809813358
5.69401876986152 1.28491453119698 2.90649770942865 5.99100062165083 3.39443453811022 5.28920688260473
4.77107387751311 2.28926685084876 4.80321052500154 8.02271001801054 5.51595013886863 6.42265004909399
4.03331758404897 3.90539375450005 4.47236901152624 2.34234822907075 2.72355254475381 2.8742141284682
3.86669298699549 3.24740929327123 5.08788685111534 3.80641709356567 0.928552957336999 3.88099711576057
4.95176161458572 1.29568392850496 5.59076570553926 3.60452500166742 3.17018018809489 1.51558281832986
2.42609343739947 3.51188024127317 3.30708307069468 1.76725510965735 2.09786994877256 0.41852191887786
2.49777261167917 0.632805521197524 1.7823174132232 3.41593565021066 0.82494188544026 4.93935081886334
4.46617365975052 2.04723128619458 2.22642184303656 6.03362472316057 4.72474662352725 4.57199110113666
3.96387120660087 2.17359778081565 2.46053382063163 2.87712291600518 5.2298233917491 4.63118422396408
1.76463129394297 -0.691825605576924 1.86017884603379 4.75151669708291 4.68641342693029 5.46969093442398
3.73831806910661 2.94112948920842 5.08491955738511 7.98203128489089 4.39173109735336 4.57480222705773
7.60705937448518 6.16978434998079 4.9144588839392 5.12218360877683 2.26919645908359 6.39038044881216
2.01604360745286 1.45867627426982 0.886843545430754 4.46593886815294 1.00666409001523 2.6434528423194
-0.874578921821917 -1.59417781197474 2.59202088284813 2.29859136022194 1.95086997542215 2.37735156361285
6.82978689321603 4.88374055937351 4.89103957842005 6.86242492270621 3.70456200515526 6.93909252797598
4.77164667605978 3.67107471786329 5.8584477179572 6.40823679199095 5.16372629968047 5.25094809539375
2.74905956300982 0.646019251002439 1.82538632509006 4.46313407981061 3.86165070003926 2.38363030309596
0.34562710236604 -0.475066501143964 -0.846658020757122 4.16637345937888 4.59851070803506 4.98321649556052
1.61370864078999 0.932830252365783 4.73624933016217 3.81927135712483 3.46498366206894 1.54169458077004
5.1619348704631 4.69489023113453 6.41614012015895 7.5132946420655 5.23769412254742 6.18306851999545
3.98562719808463 3.42102857034682 6.17360520904232 5.21950941415123 1.72008867652434 0.952037618197271
0.295590383331231 1.4615955814879 -0.225559180575328 3.78778411101364 -0.580044783161313 2.83976723294618
0.845299769819371 -0.00670606859912359 2.50434759199075 6.39918212237766 4.65102718019812 6.99666872191219
5.85169321980416 3.7909751693603 5.14421712668259 6.84208103857142 4.50980797608985 3.85760844474994
4.3330120945232 0.871508557194903 6.42192437220503 3.93162317784012 1.52405334190633 5.1380876370374
1.14064865101994 0.593414955118475 2.72473934670276 3.43022176601762 0.846502730190876 0.735185449721569
3.00222972668004 2.83279528402914 4.47925815227712 6.96349327270914 5.31051116462078 5.65220401391067
2.8934820484667 3.05399843464532 5.60279740673997 -0.549384889619904 -1.17928311219751 2.37854019540313
2.80771145369517 3.22377946037667 5.71024579493618 4.60161149783857 7.26427376076828 5.21830624782297
4.06272800258712 4.06844378010975 4.35732767999329 6.46507497556405 3.60225641734373 6.32280038554591
2.77870612852957 0.904652982734024 2.320379084196 4.93424694668637 4.20817742108428 2.87743942075095
3.39311182995222 3.31400772068154 6.80466314819852 3.06385631992128 1.48454743736642 1.6807101834443
1.60199948865319 -0.448669788933765 3.510532666683 7.19907327820264 4.87455136165402 4.56339005745045
1.58464938717181 -0.11522588959505 1.75056756842814 3.05643819631931 1.57342069313391 2.55978462012557
3.84001330898603 3.98109321748981 6.8842333661032 10.883234075594 8.24060395718676 7.87591008372202
2.77773180406114 1.98898807502291 2.34419472276991 2.73218445003948 0.231014667860627 1.39716327284963
3.97620713796101 3.9009621666704 5.56503819076709 6.85497293543554 3.64121301543421 4.62085811237689
2.86136074929842 2.25714641583398 -0.480748182471137 4.26228683429005 0.470823042700333 2.478960843424
2.29743191767191 2.23748727240068 5.75023141190134 9.32631538663561 4.47030635989279 4.23426426843747
6.06376341235034 3.96500121880056 6.00203917004555 4.92451781096914 4.4889623712331 5.01118117316697
3.03772484462117 1.35475108986925 3.33556145878508 5.69871754426104 3.792632891351 1.70217048467934
2.24517515621298 3.28946085481492 5.47478991332539 2.66865504117256 1.34523599410452 1.98040483600143
2.13317343056732 -1.10920384887434 2.00427691351007 2.53348598977509 2.26775210988751 3.02821539788469
0.553627113752122 -0.514083958466023 2.37734955427922 7.2559194271234 3.30020658627467 3.82576711434177
5.53794491425821 6.46898510690829 7.54782976409347 7.52765703302489 1.95555709884254 7.5485117395962
0.77846086859407 -1.49858822456872 0.560692243350544 5.90466832507666 1.50612469192882 2.49832891738901
2.29904907932478 0.398007693875546 4.5205411258789 5.24385982037444 2.42089604743704 3.57452445240555
2.66015835928227 0.779114240873569 3.91651435714095 2.93812493861976 0.694100229674823 1.64923837246834
3.12851390552691 2.25648166070588 4.91511333935545 7.39814729816096 3.02859823946436 4.00898260148273
5.16135945509513 2.58864176150711 2.05823046410748 1.59698637049785 0.653568980102705 2.0834388566249
4.2126018022125 3.07292901788452 3.7165093844894 1.64016203104677 -0.167358615292968 2.51824229856586
1.39325931873498 -0.796719045052646 1.76935364404193 6.0633478340812 2.85642342337759 2.76324424147051
2.99192707764054 0.627782578220199 3.91506780522727 5.53402867742195 5.04218843833706 5.45889364479292
5.80527993403247 4.53641006624208 4.38471542573268 6.4255147947441 1.86995692988496 6.48489106974257
6.02380708777865 5.5006297351787 5.33639497019308 7.03369657670881 4.78506390770986 4.02724204103796
1.97598092858856 1.34386713675727 4.23069814415463 6.79620725161812 1.06790395362088 7.46491150507642
2.07226946903369 0.389078604869491 2.07564303240036 3.94997353981534 3.88709000123357 2.46411321096509
5.53332064841754 3.38925052571608 2.98107654295563 4.60328724294896 1.14657467752599 1.2882440114729
4.55997523075348 1.54559816507695 7.31295085780071 7.61904339741563 3.74668019031146 2.06636239192088
1.24967177411994 1.90650596502357 3.02894213112095 3.68238325873109 1.70215302464415 2.73963541110997
-0.124798583025399 -0.785351764843178 2.74658638360121 5.15185110289584 3.15308974539164 4.61905776258977
6.3780303019525 5.62241629272621 5.01585644950793 2.14231228205227 0.477625723183223 0.231775132855221
1.26604926059565 -0.811875686200498 4.37843382404664 6.47042453607885 2.74248203902762 3.45561734177533
4.72864842680576 1.56515367042084 5.17395637957272 8.19136401039895 3.90580332264511 7.5285246330955
1.53099205817224 0.785800927345049 3.24818430454087 1.92848714054861 0.883208850615812 1.824442483769
1.98513244470469 1.30267387273134 2.02884779111832 1.22672896517562 -1.51530286347982 0.695208189660468
2.73782498988989 2.17341202816889 3.14694978654701 6.72856294364039 4.20954003590509 6.58112033033894
1.46852460145899 0.545274325968794 4.25266572979889 4.72133788998458 1.11689105771397 2.78058639892614
1.40959088137361 -3.46953468074736 2.1066417654021 4.85013206637183 3.37559129765419 3.5073643364328
3.12779933943527 4.06730375068514 6.35639838691455 6.24154977666684 1.57941274837798 4.48458884092617
1.04518169958012 2.70120007222348 2.74257077181768 1.75761357838916 0.745244652266176 1.77923645744626
3.02926163900321 0.575589906615245 6.97949221420945 4.81988579835449 4.61659963856083 6.32534356663832
1.83678081307431 1.56214445781531 2.84421410714782 8.54511520009378 4.41933961131474 7.6513950203661
4.96107785854986 4.27751337654388 6.26293218435308 3.66128655275131 5.42991077322568 4.54774580984131
1.75565322457301 0.806785869521854 4.53327248620463 3.36733968341116 1.05470618968872 1.03055655933327
3.24049925567921 2.7291606745468 4.15144555737491 5.41495186885972 1.53530704894683 6.16664050764089
2.02942481501993 1.11800265202394 1.57606843472309 5.89434889872346 3.19598733290914 5.27178838041789
4.36760416492374 3.70134075669704 6.81938886713087 9.37756758945213 7.53990374416766 9.14030027751143
0.877455240947989 -1.16900190886576 -0.102057821151141 6.16131757761858 3.4911971794579 6.85004213952011
1.84569151332395 0.279826939877799 1.93312723928069 6.10386097250772 2.66454801473601 3.99724082441208
5.32462900626391 4.71562964649553 5.60917100621775 0.412341944861312 -0.0237632500138636 -0.690220723498586
2.2853209106635 1.82463535889956 3.59478130813271 3.35614289960742 3.52563306271752 1.55212886575515
3.75217394402379 3.98742353268776 5.3141343971563 4.18331487080101 0.605664010685357 3.66635708852032
6.00980758555907 4.01905967748287 6.57466406907857 6.44346708854082 5.26706312304801 8.11751343697333
1.94970649985698 0.694000713626993 4.01779895011876 3.23426858880598 -0.206414445625552 2.81206092326252
4.80231507605217 4.15316707561285 5.23910970698529 5.35249218639056 4.0000639689544 6.53537810877949
0.990398971807259 1.33163092282925 1.99247644924605 4.39866059169771 0.72108584253876 1.92414562486093
-0.927573270500299 -2.69687667672134 -0.958109199079885 5.61969552529593 2.92135130237852 2.71734716657334
2.52061875362894 -1.22492151531236 1.41276917762961 3.48160635312294 3.2954674796708 3.45128370335616
3.05927782394058 3.17775414705592 3.89563115478274 3.31946598417276 -0.113812710454683 1.17432715030403
5.32060274125997 2.48606964353764 4.3441278542227 6.76439998204771 3.28656581687014 7.98542622234894
3.82724581575456 3.77726731122937 4.23980319305149 5.29503462811357 2.40012206723091 3.89814539901189
3.70912919556408 1.56819514624939 4.50088301361304 3.00452631199702 1.6385273398288 3.26877447054736
2.57991116771514 -0.255977467221539 0.780665976092959 4.65537141149503 2.59231819951464 6.54449663915218
1.94510701067876 2.40575727908376 1.73570319049907 5.95265955941763 1.61305357181229 3.02919695746843
2.95080218469971 1.97903692346807 4.23725398642941 5.77529465015767 3.25067678552483 2.07148909087477
3.60934294209885 3.28510053662261 3.319536307062 5.61329023308024 3.38905954775808 5.90414835169381
3.54774455130701 3.0409165355225 5.85752713142892 6.60761421542818 6.17788376577862 5.2675168252317
0.0312586388738731 -3.31696466354593 -0.140868347320199 2.15327844530832 0.803777059241686 2.61328233575778
3.35176535628913 2.85339022123827 5.47192577749231 8.39781474976194 7.15747039142854 5.35370986817077
2.18750865956766 -0.293206869334029 3.05842468238548 6.63210066049799 3.65437414499564 3.73240771503908
3.27241100083112 1.99621193669929 1.74169878713999 4.74599245830067 4.48283817862049 5.08005725363409
3.13479815312738 1.60344373237263 2.99967726328655 5.78494417998013 0.378908971119787 0.643714494806321
-0.430465255374904 -1.7873670276462 1.33904172835443 3.22196462915869 2.18660661574927 3.88786395300512
2.04671687381739 0.260721451663077 4.36460935414257 5.80638553688156 2.81856452928284 5.13338173151927
2.13237550090334 -0.910029163130611 2.21966572902803 4.25949559275871 3.23704000006577 4.10491195540291
4.28131178756715 2.27386651479258 6.20691167539963 3.95281602397283 3.61230947560019 3.86590186585927
2.07739351976502 2.16221581306442 3.08034739233933 2.23024974530115 -0.135815498559091 1.01661890713349
3.67751838550928 4.03021910607243 4.73140114592785 3.93393405595611 4.63049167531744 6.29178718929912
-1.41381964573996 -2.90592038902645 3.16185492671622 4.41719214546168 3.26036954966536 2.16169724157003
2.96063497872979 1.54761193075988 4.34271178818791 5.84409921345612 3.88013084210608 4.4399119602613
2.63221473985226 0.675625804115256 3.70773307246638 4.56746530966148 2.4392403354894 1.69589060103973
1.35692032154253 -0.924762773970246 1.2037359897895 1.2646166314248 2.76017537057438 -0.860078938175571
3.35063598445934 2.98339388624801 4.96543599916337 4.07248890957069 4.83293951499655 3.43143985256576
8.06343098410531 7.46010090468698 6.92815397200079 5.83423939263657 3.27940220324103 5.73143490774654
-0.0103735552929529 -0.823386840009317 1.83307485309059 2.08410217069456 0.786266444479088 3.13256955443103
5.69667521693175 3.99999998103032 3.52065375528835 5.02432488291807 2.45704783423447 3.62703765008212
1.1456121293292 -0.674204986894511 2.44378600429254 8.89995852738123 5.43064424616942 8.11129897370993
5.15504735252945 2.77055997360654 2.05697778040331 6.60267889757013 4.36165125614972 8.065693729595
3.05385276527564 1.41324863670553 2.86889221736323 3.46077119736083 0.423913872426536 2.94399760526401
2.98698911528783 1.33942741037613 3.84600004000002 1.181070690789 0.785263833832161 -1.46965917732413
1.57969734044878 1.34052326481699 4.13882849472583 4.02059833427783 1.03231974648812 3.49081169944116
2.46059341854797 1.63432473822891 1.35621319644357 6.09643601563578 3.2982488512044 4.05911092342986
2.8280326223483 2.27941089190363 3.60075341941391 3.85664500419395 2.50581802236034 2.23384164400619
2.21240264239357 0.609883005646056 3.11037967510513 4.26947284883931 1.80685516516418 2.10686042375698
2.98341509343086 2.26783983246209 6.99229424570502 8.13631367046115 1.59575057114174 3.75103293073999
0.632483151838299 2.19465748140898 1.60466124935394 4.94064864791082 4.70796995629395 4.20981396255712
4.06639472209535 3.22737190713102 6.4876555639323 5.34146825550019 1.46586864363043 5.80346734436712
1.40345707703038 2.25126308239947 3.14106521922352 7.07343607844127 6.09519974714012 5.50501914240932
3.35376892750733 1.88011318539021 3.40176440421884 5.0550406591361 1.31949948262714 2.30213489534225
0.107432155318386 -2.50382343327697 2.50853575063911 3.0663220897921 -0.701895422930142 1.6672719239149
4.46158362802918 4.86206715981817 6.86439808594323 7.13333048639606 5.17676665708129 5.12750949993369
5.29946565106748 5.93066901359399 7.93041972674189 8.02780754809505 4.16797588340486 5.37034888034705
7.36877476239937 6.80088223223367 5.37269926954623 8.69569671902105 4.37348641978095 4.51852263403805
2.87460641160094 3.67704778632222 4.72751052022666 5.81366756740507 4.73980389587898 4.92554342471778
1.95275651898619 0.438621582664415 1.55942151732836 4.72827217023085 1.33218563206698 1.71549449822182
4.42191586568067 2.36092682232703 2.7465327815652 3.83585544795763 0.509788570712331 1.01691287439483
2.29009413343621 1.28250679061002 2.77408777617461 4.31104774892308 1.44866259193165 2.14431210049515
3.36425156412223 3.05887715698272 3.22755358801806 8.01599775606884 5.84488615962152 4.6522283105969
3.84136791426111 4.18109213768704 2.94712232156883 8.22463961347586 3.24139991822619 5.04937253097984
3.38084589660969 1.64329316079005 6.96971056967842 5.91112631037145 3.94043674251568 2.24855692319115
2.90627731712188 1.3336036114816 2.80351395132888 5.08572014387605 4.98704261573353 6.9083492902009
2.75972485842459 1.99249322762228 4.08574873606442 4.86977360252842 3.6142080792693 2.42204485079805
3.0734123763334 4.13090902988936 4.9153255239282 5.67254495416727 6.81454166377205 9.1474917748835
5.4137987261683 2.97798704068785 6.95245428618411 5.71535006261261 2.89548552424496 3.06170818264994
1.92560627056528 -0.520215300318667 2.06902260114972 0.132243369051982 1.265710248829 2.48109855312515
4.03237761766062 1.7671905208377 0.159764493842078 2.52557397275208 0.0861926190318663 -0.92734557475956
3.63485872080663 -0.0281414619825164 3.01188104947338 4.86977739009508 2.09771382784991 2.94420456974822
1.67118405691538 1.08439628000825 4.75710521747603 7.22502247952223 6.03351225191591 6.85941735052243
2.08863523700027 2.9378276124748 1.33813535152486 5.78992387010187 3.15104345261014 2.68344214956345
3.99033525047157 2.52766094542043 6.46730074917468 6.84905030204581 3.60052634491189 5.87486668789975
0.564424833203108 0.210391155713466 2.86445481224128 7.35530247885764 6.13148766942579 5.65150315808701
6.41149420518154 4.97667597829354 6.59934255160894 4.90101385868397 3.28001852158355 7.37177936647208
7.16145790185788 6.53072279745539 6.07622370527253 7.95184232024926 4.81292542016681 5.25463556509499
2.36852231504312 1.50530961911838 4.35766171205896 2.55051282635412 1.93215729154866 1.71746846627909
1.49672969642067 1.24298910538255 5.75837937882052 1.96044769828206 2.10798741902261 4.32961667149316
5.45395230285167 2.72130015764979 5.74185884934889 4.04208463593615 4.50538818904521 3.96650598149979
2.70212069853104 1.95967208015023 3.49350521160325 6.43036843787263 2.95544461082898 5.84524811584809
4.94724074691699 5.35287847790588 7.32765699291506 7.75432115004888 4.65004126203504 3.36793478601732
5.15196752714251 3.13780378881175 4.12052845816434 7.75735472788497 3.31717995559862 2.43973181786688
1.14938524588307 1.19598796108794 6.32038303601205 5.79094767784404 0.135294748510723 3.20167091783793
1.72702935633872 -2.02680594277467 0.412778170181418 5.87328493197895 1.56795559206694 6.58940912446642
2.52112578510918 -0.0793893919558117 4.24669747012423 6.50522584125394 6.14448917640135 6.18700716105738
4.8522837946998 2.59834642326773 4.62997775059366 3.30343314092936 2.24294088924254 2.92463896273438
4.95884249115472 2.8478151533653 5.33560023179786 4.19720838450046 5.81384266616665 4.07781006710783
2.21834009864303 1.01974400145575 4.36961211927803 7.11903276916452 4.08697524379004 4.37514605825893
4.13939935091874 5.2689031474273 8.8877420418521 8.12228573896795 3.15007261282235 5.74298087623882
4.07134301643802 4.20595777050938 6.08852140906602 3.28816486281838 3.61849129772314 4.10806558533167
3.57641146141289 3.96752865649984 5.15815276953598 6.52936455418217 3.15188136390688 2.19664884018202
3.95285078194504 3.81892071080032 8.49265988748105 5.10330462166034 1.43900096579175 4.756407560298
2.42894466991258 1.74063742624684 5.73115617755565 6.74898732704324 2.53620224905522 4.78763791112943
4.86046105638862 4.38405375883708 6.49984980804182 5.39515882006253 2.87627635381501 7.72270026165743
3.21891278346301 1.85239805890142 4.45722897291404 4.82603425323345 3.78397310424317 3.33024360847097
3.81428277293614 1.69479921036098 3.98431153733757 3.78665748526462 0.52445827826599 4.11290586160773
2.99338384492135 2.60939098735029 3.60869085876822 6.34655730411925 2.57476802003761 5.28926230213435
2.48674871978529 2.27944407362375 6.49707226177922 3.02267669101264 -0.535167212922864 0.731238031651831
